Wed. Oct.  5, 2016             LANDSAT 5                 Time: 18:24
                         Image Assessment System
                           GCP Residual Report
----------------------------------------------------------------------------
WOID: L20222686            Path/Row: 201 / 030

L0R Reference Image: L51MPS1011273100100_HDF.162792321
Acquisition Date: Sep 30, 2011

Band Number:  5

GLS date for each WRS-2 path/row used:
Path  Row   Date
201   030   06-19-2000


Point_ID         Latitude  Longitude    Height       Across    Along    Residual  Residual
                                                      Scan      Scan      In y      in x
                                                    Residual  Residual    dir       dir
                   (deg)     (deg)     (meters)     (meters)  (meters)  (meters)  (meters)

2010300001_01   43.306742   -2.200205    67.408       1.078     1.083     0.847     1.270
2010300002_01   43.480233   -3.876116    57.061      -1.110    -0.822    -0.928    -1.020
2010300003_01   43.288673   -2.972902    49.557      -0.693    -0.050    -0.670    -0.183
2010300005_01   43.443848   -3.962699    56.608       6.192     3.720     5.357     4.841
2010300006_01   43.209762   -2.418651    99.590      -0.043     3.078    -0.637     3.010
2010300007_01   43.444083   -3.467748    49.043      -5.102    -0.630    -4.881    -1.601
2010300008_01   43.272817   -2.100461    51.861      -2.315    -1.614    -1.960    -2.031
2010300010_01   42.638903   -3.021221   635.924       0.032     2.425    -0.438     2.382
2010300012_01   43.340498   -3.017720    49.222      -3.290    -0.271    -3.174    -0.900
2010300015_01   43.268397   -2.934867    58.686       4.763     2.735     4.144     3.601
2010300016_01   43.234845   -2.871363    88.183       2.212    -0.703     2.305    -0.263
2010300017_01   42.663139   -2.897419   503.229       1.929     3.997     1.117     4.289
2010300018_01   43.471913   -3.723922    67.295      -1.768     0.237    -1.778    -0.108
2010300020_01   43.263515   -2.019281    75.615      -2.973     0.279    -2.971    -0.301
2010300021_01   42.698591   -2.404228   658.178       0.865    -0.020     0.850     0.147
2010300022_01   43.165597   -2.582547   193.955       4.679    -0.810     4.743     0.109
2010300025_01   42.858466   -2.666942   571.387      -0.581     2.270    -1.008     2.112
2010300026_01   43.368144   -1.781701    58.016      -0.408    -3.207     0.216    -3.224
2010300027_01   42.745352   -2.087257   586.363       2.137     3.558     1.405     3.900
2010300028_01   43.157953   -2.633474   182.545       2.267    -0.886     2.393    -0.431
2010300029_01   43.185368   -2.771414   123.367       1.721     1.000     1.494     1.312
2010300030_01   43.177693   -2.644452   153.520       0.401     1.750     0.055     1.793
2010300032_01   43.339203   -1.797804    70.730      -1.178    -4.671    -0.257    -4.809
2010300034_01   42.820123   -3.072079   659.477      -3.592    -5.528    -2.451    -6.110
2010300035_01   43.270331   -2.958918    51.503      -3.541     2.367    -3.930     1.638
2010300038_01   43.210286   -3.110730   132.792       1.448    -1.039     1.621    -0.740
2010300039_01   42.905597   -2.159123   590.021       0.299    -0.141     0.318    -0.080
2010300040_01   42.872455   -4.030868   930.376       4.455     2.007     3.977     2.825
2010300041_01   43.319689   -1.899637    59.620      -3.467     1.360    -3.664     0.664
2010300042_01   42.868807   -2.929138   730.743      -2.801     1.287    -2.992     0.720
2010300043_01   43.066661   -2.711846   656.890       0.263    -0.932     0.437    -0.862
2010300044_01   42.902260   -3.302729   712.276       2.216    -0.433     2.255     0.003
2010300045_01   42.749460   -3.544299   920.052      -0.033    -1.156     0.192    -1.138
2010300046_01   43.034114   -1.983937   274.832       5.243     5.935     3.992     6.832
2010300048_01   42.938689   -3.306551   711.487      -1.591    -0.413    -1.479    -0.712
2010300049_01   43.412725   -3.805110    60.866       0.089     3.227    -0.534     3.183
2010300051_01   43.221313   -2.816741   100.446       1.606    -0.966     1.762    -0.637
2010300052_01   42.606832   -2.767327   800.352      -0.676     0.520    -0.763     0.378
2010300054_01   43.270660   -1.968135    54.348      -2.464    -1.291    -2.169    -1.743
2010300056_01   42.786452   -3.954663   812.519      -0.234    -0.704    -0.091    -0.735
2010300058_01   42.419404   -2.075163   368.710      -0.812    -2.327    -0.348    -2.438
2010300062_01   42.845845   -3.106719   604.916      -1.164     0.150    -1.169    -0.078
2010300063_01   43.194021   -2.511868   313.998       0.843    -2.151     1.241    -1.946
2010300064_01   43.231894   -1.990190   204.647       2.711    -6.938     3.994    -6.279
2010300065_01   43.193732   -2.452794   205.587       1.729     3.178     1.081     3.450
2010300066_01   43.223512   -2.016646   114.812       0.895     2.345     0.423     2.472
2010300067_01   43.277622   -2.130295    57.041      -0.436    -3.742     0.293    -3.754
2010300068_01   43.276595   -3.251363   290.809       4.617    -3.828     5.266    -2.862
2010300071_01   43.177898   -2.913203   142.410       3.950    -0.925     4.052    -0.144
2010300073_01   43.310500   -2.458439    66.790      -4.495     1.127    -4.627     0.238
2010300074_01   42.902729   -3.866789   836.367       3.155     2.680     2.574     3.234
2010300076_01   43.022869   -3.471975   752.990       3.141     4.208     2.266     4.728
2010300077_01   42.784189   -2.838901   622.314      -1.542     3.608    -2.208     3.237
2010300078_01   43.360916   -2.510106    63.468      -2.816     0.190    -2.799    -0.357
2010300079_01   42.719509   -4.092499  1005.949       1.889    -0.217     1.894     0.151
2010300081_01   42.621228   -2.587440   799.188      -1.494    -0.079    -1.449    -0.367
2010300083_01   42.543896   -2.771893   473.309       1.460    -1.403     1.702    -1.092
2010300084_01   43.322288   -1.943219    78.328      -4.145     4.322    -4.900     3.437
2010300085_01   43.341158   -1.749355    61.908      -1.685     2.725    -2.179     2.347
2010300088_01   43.342198   -2.989522   108.452       2.465     0.113     2.396     0.587
2010300089_01   42.943541   -3.575034   645.696       1.576     4.727     0.632     4.936
2010300090_01   42.862267   -3.888491   816.098       2.998     1.390     2.669     1.940
2010300095_01   43.293053   -2.249202    52.427       1.206     2.044     0.788     2.237
2010300097_01   42.878467   -3.286453   925.630      -0.719     3.330    -1.346     3.123
2010300098_01   43.307552   -2.020103   124.941      -1.683     0.699    -1.786     0.360
2010300101_01   42.967752   -2.630612   602.022      -2.317     0.021    -2.275    -0.427
2010300103_01   42.608865   -2.824011   544.818      -5.804    -1.003    -5.493    -2.106
2010300104_01   42.512279   -2.067218   509.965       1.801     0.615     1.644     0.952
2010300105_01   42.642440   -2.486812   739.890       3.199    -4.623     4.026    -3.910
2010300106_01   42.350302   -2.478309   590.493      -0.452    -2.838     0.105    -2.868
2010300107_01   43.237857   -2.917878    97.161       2.779     6.041     1.559     6.460
2010300110_01   42.897301   -3.588574   696.247       5.617     1.767     5.163     2.815
2010300111_01   43.473274   -3.756569    49.005       0.987     0.806     0.815     0.981
2010300112_01   42.791118   -3.409668   616.886      -2.588    -6.482    -1.282    -6.851
2010300113_01   42.775496   -2.500039   893.738      -1.967     0.333    -1.992    -0.054
2010300115_01   42.959834   -2.831119   663.054      -4.131     0.487    -4.141    -0.320
2010300116_01   43.160496   -2.067788   115.719      -1.399     5.870    -2.506     5.486
2010300117_01   42.798892   -2.324187  1035.850      -1.650    -0.822    -1.458    -1.123
2010300121_01   43.314834   -3.118332    84.300       2.703    -3.044     3.239    -2.464
2010300122_01   43.437544   -3.839149    61.621      -2.565    -0.279    -2.459    -0.767
2010300124_01   42.463558   -2.090146   400.208      -1.410    -3.181    -0.769    -3.391
2010300126_01   43.234551   -2.845896   101.366       1.229     3.258     0.577     3.432
2010300129_01   43.205449   -2.879875   124.833      -0.020    -2.736     0.509    -2.687
2010300131_01   43.320022   -2.430860    48.261      -2.174    -0.394    -2.057    -0.806
2010300135_01   42.856892   -3.036971   718.396       1.552    -2.533     2.010    -2.182
2010300136_01   43.325841   -1.980520    32.665      -3.856    -2.046    -3.389    -2.752
2010300137_01   43.296895   -1.860823    99.206       1.978    -0.568     2.047    -0.175
2010300138_01   43.454290   -3.811960    53.181      -1.708     0.315    -1.735    -0.020
2010300143_01   42.312244   -2.172451   679.391       5.597     2.541     4.989     3.574
2010300144_01   43.259433   -2.830255   266.682       1.508     1.000     1.285     1.271
2010300145_01   43.324123   -2.907723   155.355       0.935    -2.683     1.435    -2.450
2010300147_01   42.880911   -3.150816   697.194      -0.773     1.036    -0.957     0.866
2010300150_01   43.358951   -2.620565   299.240       1.931     3.507     1.216     3.811
2010300151_01   42.978440   -2.685769   620.298      -2.949     3.982    -3.659     3.332
2010300152_01   42.837282   -2.658544   581.712       4.618     0.537     4.421     1.419
2010300153_01   42.485666   -3.438318  1030.412       1.444     1.581     1.109     1.827
2010300154_01   42.729012   -2.871280   523.904      -1.880     0.632    -1.965     0.255
2010300155_01   43.300910   -1.974310    66.160      -2.333     0.813    -2.446     0.347
2010300159_01   42.549713   -3.441308   974.246      -3.660     0.828    -3.743     0.103
2010300160_01   43.414307   -3.417249    53.293      -1.008     3.353    -1.635     3.094
2010300162_01   42.650486   -3.102397   852.316      -0.261    -2.302     0.189    -2.305
2010300163_01   42.959166   -3.386048   713.324       0.973    -6.376     2.186    -6.059
2010300165_01   42.627745   -2.669582   926.623      -1.439     1.185    -1.639     0.883
2010300167_01   42.666817   -2.212429   558.547       5.052    -4.731     5.862    -3.658
2010300170_01   42.522616   -2.675626   472.382       1.486     2.381     0.995     2.621
2010300171_01   43.421359   -3.948591    88.153      -2.386     6.635    -3.619     6.048
2010300172_01   42.713733   -3.510640   801.230      -0.560    -1.474    -0.263    -1.552
2010300173_01   42.677603   -2.443364   981.277      -4.852    -3.014    -4.169    -3.889
2010300176_01   42.591006   -2.858053   495.225      -1.055     1.407    -1.306     1.175
2010300179_01   43.322873   -2.675429    49.580       2.661    -1.268     2.854    -0.730
2010300180_01   42.855583   -3.349091   728.211      -0.935     2.605    -1.419     2.371
2010300181_01   43.397546   -2.945102    51.997      -0.720    -2.905    -0.146    -2.988
2010300184_01   42.651270   -4.029732  1043.525      -5.755    -2.649    -5.121    -3.705
2010300185_01   43.079997   -1.919061   514.925       6.136     5.640     4.923     6.713
2010300187_01   43.258516   -1.943197   158.501       1.756    -6.293     2.934    -5.832
2010300188_01   43.320525   -3.002485    53.540      -0.049     1.668    -0.370     1.626
2010300189_01   42.719232   -2.243568   698.223       1.319     2.523     0.803     2.727
2010300190_01   42.848420   -3.278221   735.380      -2.348     3.512    -2.978     2.987
2010300192_01   42.699258   -2.569852   743.153      -5.422     3.071    -5.905     1.960
2010300195_01   42.873901   -3.615500  1047.890      -2.248     1.965    -2.579     1.490
2010300197_01   43.462309   -3.786864    52.441      -7.038    -4.263    -6.078    -5.537
2010300198_01   43.130360   -2.542962   246.634       2.512    -0.414     2.542     0.079
2010300199_01   42.947418   -3.273189   679.718      -4.222    -0.771    -3.987    -1.570
2010300201_01   43.431294   -3.780526    52.203      -2.778     1.563    -3.024     0.998
2010300202_01   42.943537   -3.512186   626.221       1.702    -2.572     2.166    -2.192
2010300203_01   42.541999   -3.524142   910.897      -1.382     4.243    -2.173     3.888
2010300205_01   42.616501   -2.719382  1044.589      -1.707    -0.115    -1.649    -0.442
2010300206_01   43.133524   -2.788151   181.869      -1.957    -6.295    -0.704    -6.551
2010300209_01   43.196149   -3.202637   229.708      -4.295    -2.660    -3.697    -3.436
2010300213_01   42.653097   -2.103172   539.244       0.304    -1.530     0.592    -1.440
2010300215_01   43.190759   -2.075805   123.138       1.110     0.350     1.020     0.557
2010300217_01   43.321567   -1.868459    90.610      -5.887    -0.426    -5.693    -1.556
2010300222_01   42.935115   -3.374861   754.281       0.518    -5.427     1.557    -5.217
2010300223_01   42.542218   -2.747135   478.141       0.522     1.446     0.232     1.518
2010300226_01   43.046263   -1.922945   764.242       2.065     6.601     0.748     6.866
2010300227_01   42.672759   -2.345302   610.212       1.527     1.555     1.194     1.819
2010300229_01   42.882905   -3.242064   951.258       0.199     0.776     0.045     0.798
2010300230_01   42.651923   -3.947776  1032.670       4.248     0.577     4.049     1.385
2010300232_01   42.622182   -3.876748  1003.627       0.980    -1.376     1.227    -1.159
2010300236_01   42.717596   -3.966047   913.903       3.953    -7.125     5.251    -6.216
2010300237_01   43.396465   -3.244746    90.535       0.643    -3.270     1.263    -3.083
2010300238_01   42.626980   -2.322391  1050.729      -1.588    -6.901    -0.223    -7.064
2010300240_01   43.040760   -2.651566   606.850       0.965     1.193     0.715     1.356
2010300241_01   43.393992   -4.017708    54.949      -2.278    -4.062    -1.448    -4.423
2010300242_01   43.389227   -3.732899    88.384      -0.799    -3.183    -0.167    -3.275
2010300243_01   42.499579   -2.653807   466.292      -5.081     1.020    -5.177     0.016
2010300246_01   42.809690   -3.646878  1050.274       3.809    -2.084     4.133    -1.305
2010300249_01   42.785874   -3.262090   571.910      -5.765    -0.779    -5.497    -1.877
2010300252_01   43.378920   -2.974417    97.089       1.482     2.455     0.980     2.693
2010300253_01   42.629374   -2.844103   499.946       0.183    -3.981     0.949    -3.865
2010300254_01   43.344891   -3.418157    57.891       2.514    -2.275     2.906    -1.746
2010300255_01   42.559816   -3.760107   979.820      -2.223    -0.739    -2.033    -1.153
2010300256_01   43.231520   -2.390463   155.145      -0.943     5.748    -2.034     5.454
2010300257_01   42.826970   -3.649126  1059.973      -0.485    -1.659    -0.153    -1.718
2010300258_01   42.756146   -2.477534   779.675      -2.323     5.113    -3.264     4.559
2010300264_01   43.314058   -2.961039    87.453       2.770    -5.262     3.733    -4.626
2010300266_01   43.388615   -1.796055   113.586      -1.165    -5.380    -0.107    -5.502
2010300267_01   42.695605   -4.016659   983.141       0.674     1.532     0.366     1.630
2010300268_01   42.783140   -2.900963   553.553       4.333     6.756     2.940     7.458
2010300269_01   43.288515   -2.817308   168.322       6.113    -5.108     6.980    -3.829
2010300272_01   42.487430   -2.577571   459.493      -2.514     0.426    -2.547    -0.070
2010300274_01   42.687654   -3.181920  1087.749      -4.685    -0.917    -4.409    -1.802
2010300277_01   42.509476   -2.735181   522.344       2.014    -1.648     2.292    -1.225
2010300278_01   43.027330   -2.407511   312.209       4.783     1.102     4.475     2.004
2010300281_01   42.987763   -3.014228   337.113      -5.405    -2.946    -4.729    -3.931
2010300284_01   42.635101   -2.097261   735.520       1.639    -2.887     2.162    -2.511
2010300285_01   43.402457   -3.767608    60.745       2.633     1.802     2.237     2.275
2010300286_01   43.246561   -3.255649   240.293       2.596    -6.473     3.795    -5.846
2010300287_01   42.769768   -3.186529   588.772       1.830     5.076     0.812     5.328
2010300289_01   42.338693   -2.601199  1384.218       2.216    -4.823     3.099    -4.290
2010300290_01   42.589764   -2.737751   692.719      -0.486    -3.447     0.190    -3.470
2010300291_01   42.745191   -2.443552   696.912       0.156     4.359    -0.690     4.300
2010300292_01   42.991696   -4.139255   904.777      -0.495     3.188    -1.098     3.027
2010300295_01   43.268870   -2.047296    80.090       5.755    -1.894     6.008    -0.746
2010300296_01   42.798342   -3.005692   630.925      -3.509     6.377    -4.670     5.570
